-7.961263963039441478e+03 -4.115037971354919364e+02 1.020956102039116900e+03
-8.075923611066277772e+03 -3.169471959582597833e+02 1.042076995799917768e+03
-8.224490691075245195e+03 -3.758334508622164662e+02 6.048933808941485495e+02
-8.088605998706882929e+03 -2.736979486388002556e+02 2.506209617143442472e+02
-8.076401346578240009e+03 -2.722942169388417142e+02 1.784661213975069245e+02
-7.860269915734390452e+03 -5.007075847291724813e+02 9.997504957085088790e+02
-7.933213307466517108e+03 -4.851217816262156362e+02 5.495461975526570768e+02
-7.867574381912624631e+03 -3.748814796473889714e+02 1.823919843457681509e+02
-7.872247245491826106e+03 -4.023533432981645319e+02 1.184649538869401937e+02
-7.986768171461274505e+03 -4.704161623070153837e+02 1.304989001154760217e+03
-8.051002585789720797e+03 -5.402381653619406734e+02 1.586019391825334424e+03
-8.051328778693005006e+03 -5.464135226329831312e+02 1.755088612774339481e+03
-8.174238652215009097e+03 -3.720399435364963097e+02 1.529427208225924687e+03
-8.180037662505919798e+03 -2.332651181661374835e+02 1.274981299926992051e+03
-8.351926366190151384e+03 -3.100769001616712899e+02 1.048209961224499921e+03
-7.856550670178634391e+03 -6.511591049644033546e+02 1.501763818495555142e+03
-7.799341455148616660e+03 -6.845300274783004397e+02 1.200402305785201179e+03
-7.811769367719361981e+03 -8.332092564650324675e+02 9.378740237475709591e+02
