-7.877773639836902476e+03 -8.188287826304458861e+01 9.171160968812675947e+02
-7.901617121309283903e+03 7.314934388313069746e+01 9.031474553199846014e+02
-8.108987425398737287e+03 1.145866155348603996e+02 5.647210120354412766e+02
-8.002013453569904414e+03 1.366803636523278840e+02 2.409400675787381942e+02
-8.001466125075481614e+03 1.400545332567232890e+02 1.769744282738286074e+02
-7.874772166271053720e+03 -2.601624909530728473e+02 9.148362924788432338e+02
-8.000239231895210651e+03 -4.038903473643759980e+02 5.491634513801901676e+02
-7.854495239914487684e+03 -4.097664157705806360e+02 1.764912368000892684e+02
-7.867419922017100362e+03 -4.281581659346875313e+02 1.178419278148715108e+02
-7.911626604111432243e+03 -7.851470773236643197e+01 1.192527894240169417e+03
-8.044345610215873421e+03 -1.034360139292685972e+02 1.471298570383809647e+03
-8.039545786948330715e+03 -8.323044467714385064e+01 1.642737325521540470e+03
-8.016887244496704625e+03 7.036100710505991174e+01 1.390413863035440272e+03
-8.111301803324080538e+03 1.568641249827410320e+02 1.094437027192295091e+03
-8.369642861371365143e+03 -6.178563153306929934e+01 1.090620085095365994e+03
-7.985909413064920045e+03 -3.106879040844110023e+02 1.402207873424472382e+03
-8.076890620440264684e+03 -2.696368151430606304e+02 1.194356475369415193e+03
-8.252970735810535189e+03 -3.426872570115481835e+02 1.121747748813943190e+03
