-7.884452679588581304e+03 -8.157348237009077252e+01 9.433885916137987806e+02
-7.911243366905076073e+03 6.350477200097702024e+01 9.392797108323024986e+02
-8.064054662195915625e+03 9.361147625105544989e+01 5.927185652432571032e+02
-7.962135826519658622e+03 1.576211228072872643e+02 2.258214115526561443e+02
-7.929487309791519692e+03 1.806798727831467204e+02 1.349625550108435448e+02
-7.825651395908842460e+03 -2.410982051887651778e+02 9.578810686058382089e+02
-7.978040344458257096e+03 -3.790506669722286119e+02 5.655529685843940797e+02
-7.841130299483239469e+03 -3.931376857690335669e+02 1.788779710233698097e+02
-7.871686110470040148e+03 -4.119291265345646593e+02 1.112723003329489586e+02
-7.978328840128729098e+03 -1.152770004989711339e+02 1.224834131421321445e+03
-8.056883814556975267e+03 -1.108311356551296427e+02 1.464956641570386182e+03
-8.041455536673337519e+03 -1.040956290862802121e+02 1.683978582010442096e+03
-8.022882230196700220e+03 7.086997572545712387e+01 1.426463398495470528e+03
-8.017451053908461290e+03 1.459685356548268089e+02 1.129944132602164018e+03
-8.324027533152773685e+03 -3.111362850690797899e+01 1.052044438123936743e+03
-7.989239867385040270e+03 -3.118798009606547907e+02 1.465675454099579611e+03
-8.041003517970984831e+03 -3.710677375766065893e+02 1.144381566596945504e+03
-8.335862181874757880e+03 -2.423019516249161427e+02 1.042099127478675427e+03
