-7.859984520390147736e+03 -8.886914011106057387e+01 9.034354099797628805e+02
-7.883188992499058259e+03 6.033340217686736651e+01 8.967336931064453438e+02
-8.105562631047469040e+03 1.200221280951266181e+02 5.543418644370739230e+02
-7.982827881424802399e+03 1.319228198189107104e+02 2.344539750127426885e+02
-7.989486760460612459e+03 1.317103439998803083e+02 1.668219411867355575e+02
-7.825159870892286563e+03 -2.634639870606955583e+02 9.105410327137891500e+02
-7.982216670837459787e+03 -4.080626999312460725e+02 5.584333689532048766e+02
-7.843483980518607495e+03 -4.023347931270379263e+02 1.846148492252181654e+02
-7.855580536562051748e+03 -4.242812624816727975e+02 1.274328478196109415e+02
-7.919414616730899070e+03 -9.941076540710726306e+01 1.159752881945162017e+03
-8.019956651171154590e+03 -1.401257947422387247e+02 1.431563756650174582e+03
-8.011040443921053338e+03 -1.121144920924911617e+02 1.635004486844834673e+03
-8.019803666537717618e+03 3.137968336744963338e+01 1.384149721379767243e+03
-8.174828182940966144e+03 1.003223531525601686e+02 1.125189526657835358e+03
-8.404289559150442074e+03 -1.003050479385724003e+02 1.283135391204675216e+03
-7.979311234940295435e+03 -3.322588909172794160e+02 1.388688449971176851e+03
-8.121087583740735681e+03 -3.991221021815844097e+02 1.161476545356058750e+03
-8.425955515207084318e+03 -2.919399163768064795e+02 1.261468888849009772e+03
