-7.950600572761870353e+03 -3.787273156670630101e+02 1.014865689774812608e+03
-8.045765536064773187e+03 -2.792620584074938392e+02 1.026553378520482738e+03
-8.198977831176774998e+03 -2.655801250662901793e+02 5.825743364086280280e+02
-8.029581207367396928e+03 -1.111053869227923201e+02 2.541836872473241442e+02
-8.020705936211956214e+03 -1.136886384082199157e+02 1.744797595459837112e+02
-7.891918948309928055e+03 -4.708356320428906088e+02 1.002211500540005773e+03
-7.918233303558306943e+03 -4.599299686303604631e+02 5.576038400696421604e+02
-7.850169888809560689e+03 -3.535476535708918391e+02 1.961049783688526702e+02
-7.867571558553075192e+03 -3.849971197105782039e+02 1.133255779191312627e+02
-7.930523172641904239e+03 -4.158275299851289901e+02 1.324475395087414427e+03
-8.041704959509612308e+03 -5.006257160363526282e+02 1.593864918515139379e+03
-8.045519755305416766e+03 -5.232219704461831498e+02 1.756376450016563467e+03
-8.145054247724118795e+03 -3.483870168649026482e+02 1.526291558540212691e+03
-8.167578140860164240e+03 -1.669117884513046590e+02 1.259173264595547835e+03
-8.323019523303166352e+03 -1.979476118708579406e+02 1.020963825939850494e+03
-7.853333152686510402e+03 -6.157347575312561503e+02 1.497716247073768727e+03
-7.756900377337417922e+03 -6.207483079160275565e+02 1.205236086104400329e+03
-7.736428713604619588e+03 -7.390894056743309193e+02 9.497245339445496484e+02
