-7.853287134364022677e+03 -1.403120722658016462e+02 9.867780471760978571e+02
-7.900641032723921853e+03 7.079560515791146535e+00 9.812400424753249126e+02
-7.958581942143325250e+03 6.807554335491566633e+01 5.883224902006388675e+02
-7.940794393691621735e+03 1.105688906903946247e+02 2.594250137132766554e+02
-7.937892073183206776e+03 1.417412822160325732e+02 1.790954861089358587e+02
-7.811848983538789980e+03 -2.642845969255574232e+02 9.896051207346264391e+02
-7.876750920428057725e+03 -3.702127500888513509e+02 5.445497040508051896e+02
-7.823384128908736784e+03 -3.931681814022691697e+02 1.893662135804183606e+02
-7.832975167736036383e+03 -4.265591145292611941e+02 1.136714635378654492e+02
-7.872876664795947363e+03 -1.760082783356062350e+02 1.294392417945573015e+03
-7.931796745798189477e+03 -2.169679657373152963e+02 1.593271866551199082e+03
-7.939149324328986950e+03 -2.157445278532724160e+02 1.750611079836485033e+03
-7.990360033401631881e+03 -8.815108506426601309e+01 1.548087858748006056e+03
-8.333270473980954193e+03 -8.492986065600665313e+01 1.450559613630353624e+03
-8.265678010633198937e+03 -3.182222088462814327e+02 1.653624553864585778e+03
-7.895032967394042316e+03 -3.881812866078862498e+02 1.525995630366165869e+03
-8.047189723623577265e+03 -6.214087865503032617e+02 1.462790846714299732e+03
-8.264344580170312838e+03 -4.649154843416313838e+02 1.622148464900795943e+03
