-7.832241596651003420e+03 -1.032444645451124927e+02 8.283314219125012414e+02
-7.850415287083978001e+03 3.748365821942103793e+01 8.187752363334125221e+02
-8.143387211410772579e+03 1.433079099635320119e+02 5.333859623924869311e+02
-8.021551000629180635e+03 1.087774071021670466e+02 2.412292110656449324e+02
-8.027665343146548366e+03 1.239277679008487780e+02 1.758509492982778397e+02
-7.814821177500874001e+03 -2.721611637911690877e+02 8.293436000684931741e+02
-8.023130723996838242e+03 -4.595340578274449399e+02 5.142503803774598055e+02
-7.871718090298789321e+03 -4.155483444441020993e+02 1.918845913425598155e+02
-7.874788655274374833e+03 -4.378803252388310057e+02 1.179756148361580586e+02
-7.887654922465540039e+03 -1.176987342022092946e+02 1.088708822934728005e+03
-8.001675570738520037e+03 -1.661505036690956558e+02 1.344037313799297181e+03
-8.023824289618048169e+03 -1.447341631173105725e+02 1.513227959075047920e+03
-8.021717820184720949e+03 7.718795730335844318e+00 1.280429225236545562e+03
-8.244991386182677161e+03 6.500088519909837714e+01 1.021701098718367007e+03
-8.414705281491204005e+03 -1.072902201854041238e+02 1.249961198434078142e+03
-7.962504845955753808e+03 -3.437239444712801628e+02 1.280602529632506730e+03
-8.141488831747077711e+03 -4.448218536410680599e+02 1.121240858145989250e+03
-8.411609812797511040e+03 -3.028430980214643569e+02 1.249006246679478863e+03
