-7.860765688893146034e+03 -1.501826178226928903e+02 9.995615543301407797e+02
-7.912109031202036931e+03 -5.967986709479316865e+00 9.964116631405335056e+02
-7.940457132748482763e+03 4.253947080358348387e+01 5.547785258889808802e+02
-7.881890153059073782e+03 1.539983878240807655e+02 2.037873656096309674e+02
-7.888324088271991059e+03 1.728514401798972528e+02 1.202667793007286434e+02
-7.837119513982071112e+03 -2.972371596107366258e+02 1.000398044655578474e+03
-7.906013217359259215e+03 -3.800941265568320091e+02 5.706033680881354258e+02
-7.838136959998815655e+03 -4.067469283233663759e+02 1.880891062600885562e+02
-7.846060246163182455e+03 -4.213862273376431631e+02 1.042103765747673378e+02
-7.897187881744270271e+03 -1.765106799878560651e+02 1.285853337580623247e+03
-7.980340314961124932e+03 -2.169173690493956883e+02 1.563513791993364748e+03
-7.973873372525318700e+03 -1.949496977886364562e+02 1.753616012421231744e+03
-8.017583428446104335e+03 -5.191984005367273625e+01 1.496893175333726504e+03
-7.952150963190290895e+03 9.635768455599607307e+01 1.222129026523217135e+03
-8.016550781566869773e+03 1.810682512080592801e+02 9.374605874285641676e+02
-7.894274049406586528e+03 -3.893061675283084924e+02 1.495474536342648889e+03
-7.819280067701502048e+03 -4.819090704914229946e+02 1.194545203323383021e+03
-7.788838732868923216e+03 -6.264945140490708582e+02 9.484362347925083441e+02
