-7.976244565072865953e+03 -4.481798366828533062e+02 1.022210900576569088e+03
-8.092298606925974127e+03 -3.742940723613276077e+02 1.036756205055120290e+03
-8.220511283534609902e+03 -4.577043403499118881e+02 5.986080405480428226e+02
-8.174245202550164322e+03 -4.312036816905762180e+02 2.047219787682282401e+02
-8.182842240195263003e+03 -4.551091439617609922e+02 1.435778160880433632e+02
-7.890666057867364543e+03 -5.282340416678918018e+02 1.012946858495949186e+03
-7.927092544471827750e+03 -5.104735365682906263e+02 5.642854723455833437e+02
-7.853028699815583423e+03 -3.738874316839692256e+02 1.826982000953440206e+02
-7.864214039607419181e+03 -4.096186376422531907e+02 1.145683733791475731e+02
-7.983426832188032677e+03 -5.037274073027377881e+02 1.319775741402971107e+03
-8.046980695323276450e+03 -5.799884172765463290e+02 1.594199473229886053e+03
-8.054199221072736691e+03 -5.966970704621811592e+02 1.750394136134676501e+03
-8.165739200923534554e+03 -4.184278171352203799e+02 1.524968168903244759e+03
-8.188469720188272731e+03 -2.581188181537695527e+02 1.275897867482611446e+03
-8.357491125462989658e+03 -3.509491128992913787e+02 1.053322033919101386e+03
-7.889027253527244284e+03 -6.841904856600248195e+02 1.503380531546629982e+03
-7.814272611136856540e+03 -7.080275066718021435e+02 1.231243387631880523e+03
-7.800074194070736667e+03 -8.521537581061447781e+02 9.517931311749904353e+02
