-7.912669330870436170e+03 -1.301077801894458332e+02 8.396511230900561031e+02
-7.911883280316870696e+03 2.090465287452092014e+01 8.374547358541011590e+02
-8.178997761627082582e+03 1.221892982816325599e+02 5.215984786662057786e+02
-8.021185521721067744e+03 1.046586394273744105e+02 2.417596622168683780e+02
-8.023645545085230879e+03 1.132116504369264476e+02 1.738104742238924416e+02
-7.869800311963335844e+03 -2.688126708976597570e+02 8.437018166879416867e+02
-8.055777562461715206e+03 -4.610793838470864330e+02 5.150938797415207091e+02
-7.875957047948000763e+03 -4.097274154175350418e+02 2.008310077430840010e+02
-7.877955078724517989e+03 -4.378933538481045389e+02 1.313926185314321060e+02
-7.903431290109730980e+03 -1.469158827145692783e+02 1.138159673257394161e+03
-7.953189879031987402e+03 -1.622272331291356124e+02 1.413839133264490556e+03
-7.936203581293522802e+03 -1.525734266312793466e+02 1.587039085950858180e+03
-8.037373432903684261e+03 -2.020526123868885193e+01 1.355376656299001979e+03
-8.346937367186659685e+03 4.756128805243067248e+00 1.342357857936241089e+03
-8.200830929410831232e+03 -1.416410000366934412e+02 1.607678325954803768e+03
-7.933988550887468591e+03 -3.581180883717498205e+02 1.363586861431096850e+03
-8.223821880105595483e+03 -5.209444229860569067e+02 1.306387309511120293e+03
-8.196604787923182812e+03 -3.375426949830837202e+02 1.652332217060526773e+03
