-7.906394796928086180e+03 -1.341968256343560881e+02 9.824814290091918565e+02
-7.974162081484530972e+03 -1.869800560243960419e+01 9.914615732600591400e+02
-7.924405669413388750e+03 6.378921856808177182e+01 5.708575312165362448e+02
-7.894023978013716260e+03 1.439991411842659375e+02 1.904556436711928882e+02
-7.886036186473079397e+03 1.639678611645096851e+02 1.265198819968816082e+02
-7.824010450332724758e+03 -2.557886976053517003e+02 9.890103744256017535e+02
-7.884762749830616485e+03 -3.655450351067541988e+02 5.677697334433062224e+02
-7.827925988608184525e+03 -4.004314309777582821e+02 1.905408603573577579e+02
-7.844112835728662503e+03 -4.214287279039126588e+02 1.238888551330390300e+02
-7.920226892969762048e+03 -1.481301751510889346e+02 1.291339828082199347e+03
-7.976482182211389045e+03 -1.989098729458575008e+02 1.585485830102214777e+03
-7.974971013149927785e+03 -1.892977888242737663e+02 1.743687685187024044e+03
-8.058596412401447196e+03 -3.964900082078671062e+01 1.515145863425689868e+03
-8.056814720950312221e+03 1.253624521657639406e+02 1.262295102676681154e+03
-8.344029146836233849e+03 -2.281125765456519616e+01 1.153322385360463159e+03
-7.890965051191715247e+03 -3.587891088308210215e+02 1.514522041940610052e+03
-7.829067547029279922e+03 -4.390004647584976283e+02 1.253022567163351596e+03
-7.980561269011764125e+03 -5.933784967688252436e+02 1.155398922828475634e+03
