-7.864341411621959196e+03 -1.064306700499129335e+02 8.134500257368426901e+02
-7.859555600390087420e+03 3.340717977351388157e+01 8.031427975023780164e+02
-8.127743913664915453e+03 1.424516408944404304e+02 5.362901916265209366e+02
-8.018941748422104865e+03 1.139743837947727059e+02 2.538537088234180601e+02
-8.013416424348798500e+03 1.267787612349385569e+02 1.725413284630521389e+02
-7.827787173062759393e+03 -2.659324901226364659e+02 8.266873512420730776e+02
-8.036474885204112070e+03 -4.755069998112725216e+02 5.253328970906144377e+02
-7.871802327399539536e+03 -4.151247533126320945e+02 1.892672362623452500e+02
-7.876705967275510375e+03 -4.421134993455128779e+02 1.285269686725327176e+02
-7.896893468413521987e+03 -1.165429137417319936e+02 1.107082197450582044e+03
-8.007554128897681949e+03 -1.616301295809390410e+02 1.363620975856220412e+03
-7.990950386044264633e+03 -1.359304360718836051e+02 1.527018550607251882e+03
-8.035343139020774288e+03 -1.418732723635456239e+01 1.304383832755532694e+03
-8.266377392833923295e+03 6.839198704041362475e+01 1.082367650140736032e+03
-8.365197614956241523e+03 -1.399219458163600791e+02 1.294144171164036379e+03
-7.958757964046144480e+03 -3.541425183744498213e+02 1.300703252985853851e+03
-8.165717089140245662e+03 -4.533782697676180078e+02 1.171379175046655973e+03
-8.411058125244573603e+03 -2.942701138383849866e+02 1.321881688005747947e+03
