-7.938404305855026905e+03 -1.609396003012354015e+02 1.028768480809992980e+03
-7.994088672122067692e+03 -3.189292258401630775e+01 1.032596508646221082e+03
-8.009183286498711823e+03 4.876969604888589771e+01 5.930249303193938886e+02
-7.951639903081383636e+03 1.225044491903660742e+02 2.630437493078910620e+02
-7.951154335923875806e+03 1.283874401425366898e+02 1.881791928464957095e+02
-7.861910625171160973e+03 -2.667013644081702637e+02 1.027634449978597786e+03
-7.857596602924533727e+03 -3.404893432244916198e+02 5.504214538246269512e+02
-7.804899166946204787e+03 -3.796147237991144152e+02 1.853097042551746654e+02
-7.813281199168282001e+03 -3.993702891681962797e+02 1.112368865952560526e+02
-7.932172828360587118e+03 -1.644967438302885796e+02 1.375396499772843526e+03
-7.948355588491959679e+03 -1.885156562807908358e+02 1.629785025276703436e+03
-7.923152169185986168e+03 -1.650839240339494722e+02 1.800311659829833843e+03
-8.107531461499431316e+03 -8.235578727472481830e+01 1.624983918587017570e+03
-8.249536041056901013e+03 -9.453347056735925946e+01 1.816825806086176044e+03
-8.408548990520546795e+03 -1.681053874320666921e+02 2.074373459158509831e+03
-7.892566578803797711e+03 -3.624513630554930614e+02 1.603792192025517124e+03
-8.098546305614066114e+03 -3.743857798919241304e+02 1.825830047806252196e+03
-8.242029910519728219e+03 -4.161018805591853038e+02 2.086749225422105155e+03
