-7.882701220688944886e+03 -1.319984395963461736e+02 7.912188199681804690e+02
-7.894458036220452414e+03 1.631310784591587293e+01 7.893350327528894468e+02
-8.183531106774065847e+03 1.449383140607335179e+02 5.036969653578160546e+02
-8.025855808140150657e+03 9.909551421113842196e+01 2.498630150341479066e+02
-8.006353392637266552e+03 1.166902419004686067e+02 1.698929747327194946e+02
-7.861014268902163167e+03 -2.873780960770463366e+02 7.932720938367581311e+02
-8.078315814338199743e+03 -4.725658634356117318e+02 5.056135854044852067e+02
-7.877887073475999387e+03 -4.096146358448609703e+02 1.932025639502514593e+02
-7.873803884477717475e+03 -4.293328459189069690e+02 1.348469362943625924e+02
-7.898080618431598850e+03 -1.253049398915182167e+02 1.090728835208544751e+03
-7.986125962358668403e+03 -1.593849484452754268e+02 1.360675823857749037e+03
-7.958743282902925785e+03 -1.363247925379291985e+02 1.545140121886594898e+03
-8.000652650004781208e+03 6.900826371736456188e+00 1.307240364734671857e+03
-8.360686873007498434e+03 -1.669422563289475292e+01 1.267536932394500354e+03
-8.268285915661494073e+03 -1.264973872576625666e+02 1.519983793591642097e+03
-7.930102840822104554e+03 -3.548104544686593727e+02 1.316005144793764202e+03
-8.222643119544671208e+03 -5.079160324709895917e+02 1.259259202367482885e+03
-8.260805043355248927e+03 -3.229494445046257169e+02 1.584606368407895843e+03
