-7.872722133219686839e+03 -9.105496915470789077e+01 8.938501154768345032e+02
-7.868997736067891310e+03 5.683736431207708506e+01 8.825651755494892541e+02
-8.089694353589296043e+03 1.221122062663144590e+02 5.398904396277727074e+02
-8.000570662049787643e+03 1.186845624524271301e+02 2.448758709317417299e+02
-7.985931305016209080e+03 1.388411632594996945e+02 1.662847969217645812e+02
-7.816392695117300718e+03 -2.685875326827819549e+02 9.048555012579872709e+02
-8.001690664379739246e+03 -4.195532684255858840e+02 5.438469286097122222e+02
-7.858980653183783943e+03 -4.011965301681508436e+02 1.976229691863101436e+02
-7.855128766568327592e+03 -4.238277394837010092e+02 1.122118585887739641e+02
-7.900376748332037096e+03 -1.255478465553260889e+02 1.158926615528695265e+03
-8.006196605821080993e+03 -1.290967643661756199e+02 1.415604636200199366e+03
-8.021798058764275993e+03 -1.139039221084582039e+02 1.597448544750897781e+03
-8.024606782921726335e+03 3.970134650733162829e+01 1.369237132766041213e+03
-8.173586748012320641e+03 1.125570889297160164e+02 1.092131187594963194e+03
-8.363088460302544263e+03 -9.735668405883859577e+01 1.210693044320465788e+03
-7.965455810402163479e+03 -3.099454492117060340e+02 1.366698292838194902e+03
-8.106573429923864751e+03 -4.006207441638092632e+02 1.126224366007312028e+03
-8.424340640052345407e+03 -2.801528921601441766e+02 1.232751575577399990e+03
