-7.918201809467704152e+03 -1.483426228110491536e+02 9.996448508023025852e+02
-7.952220946207989073e+03 -1.797559690753929473e+01 9.947287235068588416e+02
-8.034047321754347649e+03 6.826072117494892666e+01 5.922150451820153876e+02
-7.979749958889206027e+03 1.094599331240268043e+02 2.643106901101149333e+02
-7.976134792692328119e+03 1.308346413174451754e+02 1.851005750059684942e+02
-7.871808561060812281e+03 -2.798274923151183771e+02 9.979342953795735411e+02
-7.938550446744442525e+03 -3.740307447262179039e+02 5.768098572070962291e+02
-7.850532731600087573e+03 -4.014628112502599606e+02 2.113698532816323166e+02
-7.843470597830190854e+03 -4.180074364299097169e+02 1.327280878706270073e+02
-7.910184968719323479e+03 -1.498352562347635910e+02 1.299123529123844037e+03
-7.953127958419764582e+03 -1.704603766006649153e+02 1.587911033768116567e+03
-7.921321179098833454e+03 -1.419702747249105812e+02 1.761725513951410676e+03
-8.029476551884332366e+03 -4.539796923130231932e+01 1.543164199230461691e+03
-8.363738730435205071e+03 -4.951337991879021416e+01 1.602348821416642977e+03
-8.262993533920702248e+03 -1.983937396615518196e+02 1.873569545239897707e+03
-7.904359493697857943e+03 -3.785965180369634027e+02 1.559159303927279552e+03
-8.112329130112833809e+03 -4.103153213003937481e+02 1.682958849561640363e+03
-8.168674829031027912e+03 -3.568790040539501547e+02 1.945781073200726041e+03
