-7.895726494165346594e+03 -1.472091613953092804e+02 1.001759412605466650e+03
-7.929703641041620358e+03 -2.128992023487671048e+01 1.002243201121230072e+03
-8.001835741894859893e+03 3.052987674077706259e+01 5.811659231519531659e+02
-7.940837811010682344e+03 1.101574977852550887e+02 2.511839426660406502e+02
-7.940192011835712947e+03 1.262898241218900495e+02 1.746698549773435047e+02
-7.862188605216255382e+03 -2.751043280697482487e+02 1.013203161166452333e+03
-7.892404467716010913e+03 -3.608357402887573926e+02 5.562190383308718538e+02
-7.827407827153984726e+03 -3.938511850514919388e+02 2.011881124988057081e+02
-7.831375367972659660e+03 -4.182821004787102765e+02 1.358861097054710001e+02
-7.899926462349929352e+03 -1.700028338033987154e+02 1.384579174252145094e+03
-7.950649405478593508e+03 -2.152302683955628311e+02 1.614729626535448460e+03
-7.939989814374838716e+03 -2.064147013966647535e+02 1.785033132753580730e+03
-8.043356423636328145e+03 -7.084804924399816173e+01 1.605670814867953595e+03
-8.231778296066131588e+03 -1.542616417110037617e+02 1.815912377223406793e+03
-8.302619278719690556e+03 -2.422025208127787153e+02 2.088227163709400884e+03
-7.919556898972125055e+03 -3.702009853682961307e+02 1.595489683518431320e+03
-8.055668820512974889e+03 -4.082771234922993813e+02 1.814663831543287415e+03
-8.204734223737432330e+03 -4.178832276046163656e+02 2.078678064657129198e+03
