-7.895609485130763460e+03 -8.268949503209725549e+01 9.441022100130822992e+02
-7.903690615903567050e+03 5.608941516206108702e+01 9.483537595383601229e+02
-8.021478992521303553e+03 1.074334109719014378e+02 5.746016471905766139e+02
-7.920709648176032715e+03 1.840192428762281054e+02 1.996956262474958237e+02
-7.911517320714502603e+03 1.874165515903506503e+02 1.246316498135468152e+02
-7.855607268207855668e+03 -2.388045692809164393e+02 9.565287699451690742e+02
-8.007003322756947455e+03 -3.281848650294630261e+02 5.610891755533043579e+02
-7.872317827144143848e+03 -3.863218036810530407e+02 1.767801219778569077e+02
-7.888922631475398703e+03 -4.079228524116722951e+02 1.153708400762773749e+02
-7.937102062971021951e+03 -8.269494447575708307e+01 1.217290801416872455e+03
-8.076460383805475431e+03 -1.221485134430080848e+02 1.495737644954230973e+03
-8.093876432847869182e+03 -1.016198765565944342e+02 1.666677644300307520e+03
-8.024421638428083497e+03 6.887904110783917133e+01 1.437999358817763550e+03
-8.064320304753902747e+03 1.355174974714846314e+02 1.131892742589792078e+03
-8.282341831102106880e+03 -6.639888209165097521e+01 1.021442527586867186e+03
-8.013556245056978696e+03 -3.081455116276304125e+02 1.446281021692969716e+03
-8.003916691207103213e+03 -3.859774980259251720e+02 1.138526545742142844e+03
-8.321316800299477109e+03 -3.387324866095194693e+02 1.059470028958863395e+03
