-7.913185197129581866e+03 -1.419052135077784271e+02 9.963717537249457337e+02
-7.986596531723822409e+03 -3.446037104425975173e+01 9.881849209973610186e+02
-8.045897024253597010e+03 -8.378284514302929864e+00 6.014614006658514427e+02
-7.985322271328343959e+03 9.651117204834062591e+01 2.494248360021722419e+02
-7.997881135230651125e+03 9.880965240789129211e+01 1.712562818106095790e+02
-7.835881457651163146e+03 -2.602070816125068973e+02 9.945570918092741977e+02
-7.793989309404129926e+03 -3.256999057779005966e+02 5.156965742192769540e+02
-7.731873208891795912e+03 -3.172243679400064593e+02 1.197274509553481039e+02
-7.739228221456242863e+03 -3.409154815509130572e+02 5.609143789355746890e+01
-7.942911669695697128e+03 -1.663331283722752403e+02 1.272354550378369140e+03
-8.033021675143095308e+03 -2.471258465197224439e+02 1.571486662910196173e+03
-8.041892392060642123e+03 -2.397173196366961179e+02 1.725908877123594038e+03
-8.129248502447373539e+03 -6.624108067441672176e+01 1.483440846938169216e+03
-8.121529508993869058e+03 7.525628485649559707e+01 1.238937833362978381e+03
-8.237565891843218196e+03 -4.502496717756526934e+00 9.985670366199279897e+02
-7.858241340095069063e+03 -3.850051872667992257e+02 1.486863123155467292e+03
-7.704009842487149399e+03 -3.936189408636123517e+02 1.204258795836129366e+03
-7.751044971230456213e+03 -5.435673400730599951e+02 9.631494657766593264e+02
