-7.875713890900236947e+03 -9.676461685765700338e+01 8.707258509725066915e+02
-7.869697038284180962e+03 5.121383509196507333e+01 8.667270275922052178e+02
-8.120468750946942237e+03 1.279140762492330765e+02 5.404548841445096059e+02
-8.025609432382142586e+03 1.179945765725602200e+02 2.369490075013551973e+02
-8.021531493047986260e+03 1.213433257401053851e+02 1.698971010245459183e+02
-7.854546205625137191e+03 -2.663213535715875082e+02 8.899816270577802015e+02
-8.032887069184159373e+03 -4.329765690972984089e+02 5.344251416258978225e+02
-7.874486451632760691e+03 -4.039188791041753461e+02 1.928075138023471595e+02
-7.873322344101488852e+03 -4.265803495489834063e+02 1.326205607147070680e+02
-7.910876861012952759e+03 -1.028258196585064042e+02 1.151621547810593938e+03
-8.011547241214779206e+03 -1.243074483742416589e+02 1.407886464691221818e+03
-8.095513336510162844e+03 -1.499921654005035805e+02 1.609603841061761159e+03
-8.006927724518040122e+03 4.361959375838612374e+01 1.348014438823435967e+03
-8.149653063843995369e+03 1.253341573258484090e+02 1.090470793521303221e+03
-8.372145327573674876e+03 -7.980724579567429089e+01 1.187554003673290708e+03
-7.966080642464446100e+03 -3.151257089206732758e+02 1.348482153165571845e+03
-8.118152690781011188e+03 -3.047380838082337391e+02 1.167534139736109864e+03
-8.314547341459956442e+03 -3.922731902610225347e+02 1.149980938694377528e+03
