-7.885284041523977976e+03 -1.309226331409813326e+02 9.899316843137780779e+02
-7.921467352256569939e+03 3.929827681222771485e+00 9.883185972265329156e+02
-7.945002022321561526e+03 4.718712461520263446e+01 5.334157518228234949e+02
-7.910029965644536787e+03 1.406674197355757769e+02 1.929943665377494710e+02
-7.910255375748299230e+03 1.592127005954625645e+02 1.208756030646835313e+02
-7.857167861413967330e+03 -2.796932330041671548e+02 9.980274944330931248e+02
-7.900784900679300335e+03 -3.715695530690819055e+02 5.488726087889118617e+02
-7.810333677438409723e+03 -3.743550774607313656e+02 1.887378896300214137e+02
-7.819159864261085204e+03 -4.181106559031218239e+02 1.197905143076524865e+02
-7.907126285638857553e+03 -1.573946715703631867e+02 1.297775156859241406e+03
-7.973169591907014365e+03 -1.877334735797929568e+02 1.582535270031773734e+03
-7.979114524699738467e+03 -1.730382583161981245e+02 1.753820153640291210e+03
-8.060509905128320497e+03 -4.219736601114660601e+01 1.519936145752017410e+03
-8.087795305628494134e+03 1.171361059185117171e+02 1.256991776979604083e+03
-8.337701572655874770e+03 2.065675823156076518e+01 1.097853419260761711e+03
-7.830276993551157830e+03 -3.407972183088045313e+02 1.508126518311687505e+03
-7.782297690877951027e+03 -4.237233044056723656e+02 1.245506729308123568e+03
-7.952021430258330838e+03 -6.211030005939294369e+02 1.089537012910564954e+03
