-7.875200784352579831e+03 -1.416120483163111885e+02 9.963950194184441216e+02
-7.939074806669565987e+03 -2.832762275406481223e+01 1.001506758607231063e+03
-7.962074774978384994e+03 5.022120518675303202e+01 5.630418977523216881e+02
-7.889135147299087294e+03 1.490601667774873533e+02 2.019398851441603426e+02
-7.886590498417471281e+03 1.731125800357849869e+02 1.121554373382483192e+02
-7.793490201258088746e+03 -2.580388744521065405e+02 9.913329975114597801e+02
-7.900382372100282737e+03 -3.746683686102772981e+02 5.680900598780880273e+02
-7.820891270006976811e+03 -3.930291869373462532e+02 1.807863661791196819e+02
-7.837166805457049122e+03 -4.103220256112967945e+02 1.159478984676778452e+02
-7.878044962814815335e+03 -1.658471443575341482e+02 1.357144579806198180e+03
-7.947156127253747400e+03 -2.183194873325058154e+02 1.604796296747117594e+03
-7.950012656960664572e+03 -2.017145949143558425e+02 1.775285167951583617e+03
-8.030912880386738834e+03 -6.449723693375803180e+01 1.583738750781480348e+03
-8.216664204680389958e+03 -1.163774618784164829e+02 1.673596926589563282e+03
-8.214095517384490449e+03 -2.051709210025922516e+02 1.880617402083982824e+03
-7.924222321458085389e+03 -3.831867358753101485e+02 1.571544244345533571e+03
-8.017906682426172665e+03 -4.082472386541658125e+02 1.661038121190109450e+03
-8.147481853682247674e+03 -3.864185438846314469e+02 1.844290730489843781e+03
