-7.888567901831174822e+03 -7.755822788409246016e+01 9.515088097485751177e+02
-7.893804826033887366e+03 7.374633544706557586e+01 9.729926186818104270e+02
-8.023497212293629673e+03 1.238434986579250250e+02 5.651645209427194914e+02
-7.912720849220811033e+03 1.861764384182813217e+02 2.118482601899933400e+02
-7.904965116419258266e+03 1.891228622506070849e+02 1.307625146548988084e+02
-7.880349054326783516e+03 -2.418687259343845710e+02 9.587576069915610333e+02
-8.009048302575562047e+03 -3.371235569438927655e+02 5.521356060839416386e+02
-7.885434701882291847e+03 -4.057515119801030323e+02 1.964668217065529916e+02
-7.868917913957110613e+03 -4.058590119078796761e+02 1.163796640316898561e+02
-7.916794685931602544e+03 -9.598985432715734589e+01 1.227096123007028837e+03
-8.074988987691341208e+03 -1.052504307748871923e+02 1.487272012619490852e+03
-8.114444045666686179e+03 -9.613786370292356764e+01 1.658249095067325925e+03
-8.063612290889479482e+03 8.508468096555900217e+01 1.428522144809846395e+03
-8.067549052860565098e+03 1.704745246573861266e+02 1.142194550693352312e+03
-8.259358036246061602e+03 -3.957732174060725328e+01 9.991689397235600154e+02
-7.952402552385078707e+03 -2.733497285489276010e+02 1.452144668920109098e+03
-7.987272168568419147e+03 -3.837453690653301805e+02 1.162514995716362364e+03
-8.233804604833523626e+03 -4.627279901985978654e+02 9.697459350532607232e+02
