-7.882427593074234210e+03 -8.342492045131220380e+01 8.886466574468266799e+02
-7.860897976633353210e+03 4.763367683479152248e+01 8.950102825317887891e+02
-8.064622200817981138e+03 1.374496808769098379e+02 5.410712890703298399e+02
-7.935644274372747532e+03 1.753602856892947557e+02 1.906129928023241007e+02
-7.919945091381046950e+03 1.935851794067772857e+02 1.173861931419143900e+02
-7.823585300028492384e+03 -2.713740436151897484e+02 9.077978178253711121e+02
-7.998875295046985229e+03 -4.302529215442207828e+02 5.614894797461582812e+02
-7.835102896150097877e+03 -3.964198144813188947e+02 1.879606533614978900e+02
-7.858388717261059355e+03 -4.180000684033010430e+02 1.163222961082770581e+02
-7.945270479833920035e+03 -1.144606064036110098e+02 1.185751767496452885e+03
-8.028852486171546843e+03 -1.337779210020411824e+02 1.439063143010899012e+03
-8.056124597027750497e+03 -1.331752224073719049e+02 1.615047036555258501e+03
-8.012209511930050212e+03 3.983227302260555547e+01 1.375966054806623333e+03
-8.181439619050855072e+03 9.159737229030324102e+01 1.137706190407727263e+03
-8.390778788909497962e+03 -5.942204361898982512e+01 1.301982022637306954e+03
-7.968166733002783076e+03 -3.277220519107324321e+02 1.382050766111305393e+03
-8.125421960853099336e+03 -4.125124819483511942e+02 1.165507130325561320e+03
-8.417596926203706971e+03 -2.982411698656282510e+02 1.279787806986727901e+03
