-7.892302602943676902e+03 -1.501751287187087485e+02 9.804887132962594478e+02
-7.921314938941909531e+03 -2.196866437674993122e+01 9.772892897252663715e+02
-7.949163573051857384e+03 2.798039064671385745e+01 5.536402267732844393e+02
-7.895707876875228976e+03 1.403527333818037448e+02 1.897940058916105102e+02
-7.898972864912242585e+03 1.614101557359762751e+02 1.152080633929080165e+02
-7.872378288266076197e+03 -2.848424286128741301e+02 9.765042909505846183e+02
-7.901759430467294806e+03 -3.737677935649986694e+02 5.572392041059144958e+02
-7.820832821142196735e+03 -3.985183066800602774e+02 1.926639368246057131e+02
-7.828173911192443484e+03 -4.178172853281064363e+02 1.148157803796567862e+02
-7.898454253874905589e+03 -1.570224227656819380e+02 1.294883243742008290e+03
-7.999698298876239278e+03 -2.110388742431395599e+02 1.575256958617921100e+03
-7.998230502362941479e+03 -2.002642914587964071e+02 1.753175334963350906e+03
-8.045828236018349344e+03 -4.285804380248391965e+01 1.524873216857239186e+03
-7.951805732687558702e+03 1.326554936355520908e+02 1.272956612000394671e+03
-8.013094195872065029e+03 2.547528379403388783e+02 9.873622392423590099e+02
-7.825257669863634874e+03 -3.595857355521356453e+02 1.489022211075344103e+03
-7.677401234949968057e+03 -3.635256972271014320e+02 1.239099075343443246e+03
-7.562134635230572712e+03 -4.734144812852928226e+02 9.854592868834486126e+02
