-7.932652689876676959e+03 -1.812653796282411349e+02 9.772236978030249475e+02
-7.969359490136999739e+03 -6.244352708130936946e+01 9.805240889899828289e+02
-7.985114963883249402e+03 3.275377234580497543e+01 5.588582470355114538e+02
-7.891589903944149228e+03 1.495189655205875567e+02 1.934291118371559435e+02
-7.901506003569347740e+03 1.696025661034677796e+02 1.158948207436985740e+02
-7.887418086443837637e+03 -3.154350419445988791e+02 9.817794342230041593e+02
-7.952718170717511384e+03 -4.374680021619820423e+02 5.677739337767245615e+02
-7.856932266547315521e+03 -3.635385372753547699e+02 1.834178051041979245e+02
-7.865702893036718706e+03 -3.883181743960789163e+02 1.204268915819022965e+02
-7.946664691011853392e+03 -2.146807424853276984e+02 1.273932956499102147e+03
-8.046892058400533642e+03 -2.923327890535583151e+02 1.555223425445124803e+03
-8.047133579626961364e+03 -3.073594893927188991e+02 1.719591244339420200e+03
-8.130961634110096384e+03 -1.320704850425613301e+02 1.491231186151545671e+03
-8.118446507960432427e+03 3.306100863393797340e+01 1.217328170159201818e+03
-8.189676697686475563e+03 -4.644384041003292718e-01 9.393416744436254930e+02
-7.865206613805594316e+03 -4.172860719131081737e+02 1.469203603852390188e+03
-7.702044934651124095e+03 -4.170469042259175012e+02 1.192063718345197231e+03
-7.632880713800383091e+03 -5.171110682454675498e+02 9.286966691287349249e+02
