-7.878589818242964611e+03 -1.195251843628367254e+02 7.955865218650654924e+02
-7.893278017252090649e+03 3.573155054531839170e+01 7.892730063628224570e+02
-8.175074271699820201e+03 1.456660675933821381e+02 5.230469637008918653e+02
-7.991486357122651498e+03 1.223658745318776937e+02 2.244088864651054962e+02
-7.991952813687921662e+03 1.326637276690492229e+02 1.548927204038658374e+02
-7.850784167103174696e+03 -2.784290003022570659e+02 8.146858337051779699e+02
-8.051824276144114265e+03 -4.848023450803184460e+02 5.112987469308542927e+02
-7.848840798760052166e+03 -4.087056995226334379e+02 1.915128116256865667e+02
-7.857214323891984350e+03 -4.299273649248017932e+02 1.103153479828601178e+02
-7.901046859792262694e+03 -1.431626018916392411e+02 1.089958043083375287e+03
-7.979596264687253097e+03 -1.680483239956083139e+02 1.372956463201542419e+03
-7.960746627989880835e+03 -1.544549619724102456e+02 1.538379255052035887e+03
-8.015032844068517988e+03 1.834779284055923609e+00 1.309395202385072025e+03
-8.358038098821873064e+03 -1.612591283205460257e+01 1.224867945600068197e+03
-8.313656251726142727e+03 -1.249663680233774841e+02 1.483304608528632798e+03
-7.964427155862984364e+03 -3.695830097662155822e+02 1.314792179411434290e+03
-8.206046436234139037e+03 -5.052339421631772893e+02 1.236306688272759857e+03
-8.320963687578230747e+03 -3.291946369231462199e+02 1.506350115620823772e+03
