-7.949547767770673090e+03 -2.892906717120437179e+02 9.964815410358690997e+02
-8.061669453081069150e+03 -1.959116981272449891e+02 9.871021664463686420e+02
-8.093925646351009163e+03 -8.178647107313165066e+01 6.024737545531040723e+02
-7.997240515843808680e+03 7.528073711774082710e+01 2.766426931920205448e+02
-8.011680280276495978e+03 9.455945421428619113e+01 2.073287749465495153e+02
-7.846561003609312138e+03 -3.960331868928004155e+02 9.971089482711477103e+02
-7.911429099389243675e+03 -4.422103006462802455e+02 5.531467711387275585e+02
-7.871565006624834496e+03 -3.913319039744538941e+02 2.249380104684767332e+02
-7.889595715728964024e+03 -4.204420943546699050e+02 1.544983314358392761e+02
-7.958239016482732040e+03 -3.335319446054888317e+02 1.272084254275515377e+03
-8.029772615898360527e+03 -4.051004948967470796e+02 1.550583199771378531e+03
-8.034880012287322643e+03 -4.186396304966879711e+02 1.722285334353558255e+03
-8.141667757419900227e+03 -2.584445323230243616e+02 1.497810369448007350e+03
-8.139812663894930665e+03 -8.479876531315186128e+01 1.225065453546851359e+03
-8.256188727006705449e+03 -6.868449023485210603e+01 9.599439840891872109e+02
-7.830668170443132112e+03 -5.048944589920265571e+02 1.468235215489642314e+03
-7.718979016518665048e+03 -5.032607682188688614e+02 1.210106951434247776e+03
-7.581107301592846852e+03 -5.772422683059392057e+02 9.518122704149078572e+02
