-7.875200784352579831e+03 -1.416120483163111885e+02 9.963950194184441216e+02
-7.939074806669565987e+03 -2.832762275406481223e+01 1.001506758607231063e+03
-7.962074774978384994e+03 5.022120518675303202e+01 5.630418977523216881e+02
-7.889135147299087294e+03 1.490601667774873533e+02 2.019398851441603426e+02
-7.886590498417471281e+03 1.731125800357849869e+02 1.121554373382483192e+02
-7.793490201258088746e+03 -2.580388744521065405e+02 9.913329975114597801e+02
-7.900382372100282737e+03 -3.746683686102772981e+02 5.680900598780880273e+02
-7.820891270006976811e+03 -3.930291869373462532e+02 1.807863661791196819e+02
-7.837166805457049122e+03 -4.103220256112967945e+02 1.159478984676778452e+02
-7.878044962814815335e+03 -1.658471443575341482e+02 1.357144579806198180e+03
-7.947156127253747400e+03 -2.183194873325058154e+02 1.604796296747117594e+03
-7.950012656960664572e+03 -2.017145949143558425e+02 1.775285167951583617e+03
-8.030912880386738834e+03 -6.449723693375803180e+01 1.583738750781480348e+03
-8.282639572831685655e+03 -1.687605725232557745e+02 1.783961329347272340e+03
-8.301728354941733414e+03 -2.764403858774265927e+02 2.040877891700924465e+03
-7.924222321458085389e+03 -3.831867358753101485e+02 1.571544244345533571e+03
-8.089540125079487552e+03 -4.770464474030965221e+02 1.775600624969921682e+03
-8.234191953536979781e+03 -4.700170932752895396e+02 1.991997279547726293e+03
