-7.899809680628899514e+03 -1.306667392546434314e+02 9.947880175600337225e+02
-7.932927546269356753e+03 -1.777038229754471033e+01 1.000087508728533408e+03
-7.955269005611308785e+03 6.202699986556820022e+01 5.452789787693640164e+02
-7.891697091356349119e+03 1.449360905293628150e+02 2.055308703634224230e+02
-7.903685944625151933e+03 1.629411477357100182e+02 1.207263003101680852e+02
-7.870417671361627072e+03 -2.611886661196512023e+02 9.952874313228413712e+02
-7.929601536505937474e+03 -3.723984308962651539e+02 5.756326299104850932e+02
-7.833467622570565254e+03 -3.877081104464258487e+02 1.814487884044317809e+02
-7.845812768546857114e+03 -4.220402131012690461e+02 1.118818654266273995e+02
-7.943887219568100591e+03 -1.651462246369969193e+02 1.300182183389151078e+03
-8.017418920501910179e+03 -2.135125993377846783e+02 1.576624810208525560e+03
-8.006411790962185478e+03 -2.153606216983620811e+02 1.740989193047525532e+03
-8.095490397555079653e+03 -4.208632439124190938e+01 1.519280062421289813e+03
-8.099819164640390227e+03 1.063861641284666604e+02 1.242118267521504322e+03
-8.284036580957757906e+03 -3.634285675657629611e+01 1.046140521135818062e+03
-7.885129394908107315e+03 -3.690314891621860056e+02 1.498427764239985891e+03
-7.709438671435287688e+03 -3.726565136598150616e+02 1.223917264596054792e+03
-7.825928920195734463e+03 -5.461671472722568978e+02 1.046081603589377892e+03
