-7.864146586865242170e+03 -1.411499158286187594e+02 9.986181900190071019e+02
-7.906725418519971754e+03 1.166261410102553686e+00 9.981323402331083798e+02
-7.929265181359877715e+03 5.664886221124664445e+01 5.597152895116972786e+02
-7.892968965425880924e+03 1.413336016725809827e+02 2.049358254416517013e+02
-7.900275967555086936e+03 1.692569421620119670e+02 1.191543158701652203e+02
-7.837923861760694308e+03 -2.754741009181315121e+02 1.000078043431110132e+03
-7.903745151406816149e+03 -3.688230442163296630e+02 5.646328970309350552e+02
-7.811892382869885296e+03 -3.803873599772826424e+02 1.826804067827145843e+02
-7.818566487244894233e+03 -4.210607251064914749e+02 1.153478972149814297e+02
-7.894026905487618023e+03 -1.517617825459265930e+02 1.277031630817878522e+03
-7.979208806997306965e+03 -2.079424205029740733e+02 1.572359009787747027e+03
-7.990234954521785767e+03 -2.033567892476624479e+02 1.735974658076803280e+03
-8.056774575191776421e+03 -3.845913375422824032e+01 1.501393960973488220e+03
-8.052961923556846159e+03 1.351108545686433615e+02 1.227834710053719391e+03
-8.191507713296004113e+03 1.938270894153433801e+02 9.750930105693056476e+02
-7.810892224811330379e+03 -3.408178563728235417e+02 1.487400594876020250e+03
-7.746331881290477213e+03 -4.046337971042862591e+02 1.222480835754288591e+03
-7.778613602582850945e+03 -5.844783212121799352e+02 9.759448931839740453e+02
