-7.927291035289549654e+03 -2.429749394672865606e+02 9.778341847796943966e+02
-7.966878730563239515e+03 -1.013714922423629616e+02 9.836975054426335419e+02
-8.008888050870832558e+03 -2.198217707528113607e+01 5.555312524282134063e+02
-7.956349624538541320e+03 1.096054613021785116e+02 2.472278613457554570e+02
-7.958845970518764261e+03 1.193755077853335820e+02 1.829129277501586728e+02
-7.897063192149968017e+03 -3.794634031953847852e+02 9.819343746625869471e+02
-7.976377763202644019e+03 -4.633094736187783269e+02 5.440609939764641467e+02
-7.877023574052066579e+03 -3.725552032502317275e+02 1.937476039556853777e+02
-7.885211543754793638e+03 -4.065997199521824541e+02 1.127378588517360924e+02
-7.945689250870713295e+03 -2.834535282862728991e+02 1.261326367286124423e+03
-8.039329664522733765e+03 -3.591179969152378817e+02 1.556559219725232424e+03
-8.051156917810869345e+03 -3.584154435450084861e+02 1.718797197438440662e+03
-8.131374359526485932e+03 -2.076419333727581886e+02 1.482394840924982191e+03
-8.141671448570406028e+03 -2.616581293928556917e+01 1.224988289522204923e+03
-8.213682826950445815e+03 -2.414202095735755549e+01 9.375124192067728472e+02
-7.862338933795804223e+03 -4.706241618866341696e+02 1.456950803508382478e+03
-7.702485439453243089e+03 -4.652999653838624567e+02 1.180012121477046094e+03
-7.583375849996637044e+03 -5.336652474066110017e+02 9.374746534984450363e+02
