-7.900517475729317084e+03 -1.597883654983244242e+02 9.904953706243393299e+02
-7.930574752595834980e+03 -2.922141615991720087e+01 9.802833594502068308e+02
-7.922246938345430863e+03 5.067641796842976021e+01 5.670336793268090787e+02
-7.883686174094920716e+03 1.490856650038562066e+02 2.033887850840344811e+02
-7.894690265014014585e+03 1.698512059881316247e+02 1.210549203599633330e+02
-7.873008306328632898e+03 -3.032723059553137546e+02 9.867531373507625858e+02
-7.892856451361509244e+03 -3.702648918558367086e+02 5.215484458214781398e+02
-7.824965728983326699e+03 -3.964310999541787623e+02 1.911514937448174294e+02
-7.843328435504154186e+03 -4.245492482886066341e+02 1.032076026050923616e+02
-7.915724714715818664e+03 -1.756568113936728253e+02 1.269691873714210487e+03
-7.986321153818168568e+03 -2.209846508762629753e+02 1.566252260531416141e+03
-7.984085046480005076e+03 -2.015685102866986256e+02 1.749960477706181109e+03
-8.039164069225568710e+03 -4.741596499047513902e+01 1.512755098355557038e+03
-7.899827955302959708e+03 1.146527497076369286e+02 1.269437683589364497e+03
-7.866955316837476857e+03 2.445751900831942862e+02 9.845587932719047330e+02
-7.848575503277496864e+03 -3.930496599205061443e+02 1.484866542030168830e+03
-7.691077304212853051e+03 -4.034042321438890895e+02 1.243653438268347600e+03
-7.503548072010750730e+03 -4.707231820527636046e+02 9.917687408691555220e+02
