-7.906291436190632339e+03 -1.333375803062698424e+02 9.306554735199537163e+02
-7.932321769197033973e+03 6.911804745907333292e+00 9.196693131921641680e+02
-8.131027214731785534e+03 8.142845104246779897e+01 5.540097114111744077e+02
-8.010528133394606812e+03 1.007028184466843612e+02 2.440239791791669290e+02
-8.008403437205594855e+03 1.135499584360946699e+02 1.705079119128440936e+02
-7.887947254105927641e+03 -2.802339354851997086e+02 9.202462569410593005e+02
-8.003200103105767084e+03 -4.323044456390932169e+02 5.421004424658442531e+02
-7.865012043405748955e+03 -4.220995135609479689e+02 2.044673074906833961e+02
-7.863456840016880051e+03 -4.352346176342047670e+02 1.283349063542650867e+02
-7.909551311581137270e+03 -1.447319038628979513e+02 1.228353870484693743e+03
-7.943996906694151221e+03 -1.724333260428345511e+02 1.503238437197848043e+03
-7.946786337144143545e+03 -1.693411705052338618e+02 1.651055768292639868e+03
-8.034961122286281352e+03 -4.915955514653686720e+01 1.458911123119994727e+03
-8.365258373629225389e+03 -3.473086994184464515e+01 1.460383383132319068e+03
-8.185439210918259960e+03 -1.523774846403988477e+02 1.694326559466901699e+03
-7.926324896743018144e+03 -3.727580037998587841e+02 1.466984670515541666e+03
-8.185014805209416409e+03 -4.122805532069095875e+02 1.546397974481946676e+03
-8.131150891851119923e+03 -3.428389506471283426e+02 1.780186674345894289e+03
