-7.870983738306679697e+03 -8.404299014712027827e+01 8.833228779304132559e+02
-7.898766921586413446e+03 6.143690505630709708e+01 8.776681818263730293e+02
-8.115348024283131053e+03 1.330912719468619230e+02 5.392650421275582175e+02
-8.002792712882368505e+03 1.147908153939023777e+02 2.292149039395147838e+02
-8.003886178680739249e+03 1.179184465779366064e+02 1.633511798601924738e+02
-7.839995166399161462e+03 -2.557953858744648699e+02 8.864191916864872383e+02
-8.010695557680833190e+03 -4.170066473471564450e+02 5.383640529632901917e+02
-7.861442822011002136e+03 -4.013865229611591872e+02 1.878450455168545830e+02
-7.870411924096775692e+03 -4.325904812173281471e+02 1.165734535355866512e+02
-7.909553383955999379e+03 -7.111483622936933102e+01 1.143468619609506732e+03
-8.037391656085056638e+03 -1.137376912201260666e+02 1.417584548249551517e+03
-8.019792684268528319e+03 -9.300955020564700249e+01 1.597047226680555241e+03
-8.010898530682063210e+03 5.378275147186550953e+01 1.357605066668460722e+03
-8.134302449475207140e+03 1.527841050284043263e+02 1.093750260700402350e+03
-8.373889763277094971e+03 -8.259459600884504482e+01 1.130738147308424914e+03
-7.965424962437929935e+03 -3.043670498610417212e+02 1.364024114487352790e+03
-8.070726021821142240e+03 -3.852989186743871528e+02 1.111838372109674765e+03
-8.382337424661194746e+03 -2.646015443836029704e+02 1.134079796131730291e+03
