-7.869638472830360115e+03 -1.268917908671297283e+02 9.932110160259877603e+02
-7.913854869646024781e+03 8.783284909320232536e-01 9.947432503374722046e+02
-7.941110423274380992e+03 5.868708133691824003e+01 5.611102014322041214e+02
-7.891548914731033619e+03 1.522861042427364282e+02 2.019305224340190819e+02
-7.904907442733630887e+03 1.566766622480568287e+02 1.294126442443478595e+02
-7.830825405661873447e+03 -2.706556409764587556e+02 9.902884311096356669e+02
-7.904923762517429168e+03 -3.673875624740246622e+02 5.746743769563961450e+02
-7.817042950608321917e+03 -3.975539479980404280e+02 1.763528188341281577e+02
-7.830792395948128615e+03 -4.284305040979008368e+02 1.092295056626198857e+02
-7.891522017344113920e+03 -1.544341385812391820e+02 1.286533952542808038e+03
-7.988980229836213766e+03 -2.031995321340387193e+02 1.565434005985097428e+03
-7.992351963560918193e+03 -1.816850650840322601e+02 1.746143583817321542e+03
-8.044920833807879717e+03 -3.197260476902027904e+01 1.511532784371044727e+03
-8.040487908826741659e+03 1.212368187438358547e+02 1.261491216373522320e+03
-8.305880894998577787e+03 1.028880833765142455e+02 1.033782245576575406e+03
-7.804594682779002142e+03 -3.516043841925583706e+02 1.496783503936787838e+03
-7.767680965279242628e+03 -4.169827778230081208e+02 1.216966830178736700e+03
-7.852376850466493124e+03 -6.126297441294503869e+02 1.007634626324460896e+03
