-7.859327275676732825e+03 -1.156764473336177730e+02 9.821806222584067427e+02
-7.903229617911373680e+03 -6.972501604261780450e+00 9.968369756284498635e+02
-7.961291531568840583e+03 4.958745251856070269e+01 5.616882788497196088e+02
-7.898794829175243649e+03 1.474879371007660041e+02 2.113324707376935123e+02
-7.893533491204863822e+03 1.704060482696745282e+02 1.205244880050046845e+02
-7.821329162186093527e+03 -2.631893739962631571e+02 9.800314814481560006e+02
-7.893203642108474924e+03 -3.625678069832985670e+02 5.553626187812761827e+02
-7.838756918122555362e+03 -3.889649970882497314e+02 1.954731660172120371e+02
-7.846051617259681734e+03 -4.209383943108522317e+02 1.127073563326117522e+02
-7.876748354394575472e+03 -1.788493415479930775e+02 1.308020349502332692e+03
-7.932978612745364444e+03 -2.210510858944520010e+02 1.602463344579583918e+03
-7.934725738452769292e+03 -2.171981935133809145e+02 1.763602178875763684e+03
-7.974112725818663421e+03 -8.174794980403483180e+01 1.557424952097318737e+03
-8.343003061846617129e+03 -1.323844657854702120e+02 1.615059697424359456e+03
-8.270343556146475748e+03 -3.168187579286545770e+02 1.846121350861276824e+03
-7.921772631854862993e+03 -3.706833024414218585e+02 1.543884550811536201e+03
-8.072379636492632017e+03 -5.750528987582647460e+02 1.580658279869957596e+03
-8.288106591195310102e+03 -4.575853337613173721e+02 1.844897263706134254e+03
