-8.028472944734390694e+03 -5.066316601055706315e+02 9.990230685707011844e+02
-8.153544729133685905e+03 -4.191319801769178639e+02 1.011771772119741513e+03
-8.234689423914804138e+03 -5.292870283657654227e+02 5.722144080774402255e+02
-8.273364610403894403e+03 -5.745025947625738354e+02 1.999739616406196205e+02
-8.292564705509392297e+03 -6.137510251650687678e+02 1.173247833595307696e+02
-7.943482118807196457e+03 -5.843274831179491002e+02 9.773327824884497659e+02
-7.949709744547037189e+03 -5.252926635908283970e+02 5.355717196045548008e+02
-7.870952304688417826e+03 -3.903014612991434547e+02 1.707088324308709844e+02
-7.863673497895784749e+03 -4.155744081559292340e+02 9.908130966596309008e+01
-8.016943749127816773e+03 -5.425778735341060610e+02 1.336228107418451600e+03
-8.092333653301006052e+03 -6.247907922476284739e+02 1.595997110786419171e+03
-8.121985640340773898e+03 -6.599949661032891299e+02 1.752013775848117348e+03
-8.171173290446665305e+03 -4.298985383266103781e+02 1.517955192617877401e+03
-8.208477156605864366e+03 -2.910940070369940145e+02 1.254583070747801230e+03
-8.351359353285261022e+03 -3.753551132093908222e+02 1.015808963845255448e+03
-7.916731507339964992e+03 -7.251422691336404114e+02 1.490631638319126296e+03
-7.869714407702658718e+03 -7.429015115161301992e+02 1.229167979435266943e+03
-8.040014059466117942e+03 -9.349225541912279596e+02 1.003939107707948551e+03
