-7.933292642336388781e+03 -3.429983856061094798e+02 9.902555617434182977e+02
-7.981288825069400445e+03 -2.174897612868914223e+02 1.006363179114671993e+03
-8.100877249085938274e+03 -1.421034693899299555e+02 5.883168246322240975e+02
-8.011921165715804818e+03 -3.027029238752568130e+00 2.696924867654319655e+02
-8.011037947662483020e+03 2.776624243142343573e+01 1.997644635025708908e+02
-7.910627926851761913e+03 -4.881993680168066589e+02 9.870534846408852445e+02
-7.986515134552459131e+03 -5.069833521401286021e+02 5.331292945038674134e+02
-7.888128190325396645e+03 -3.883760361584525072e+02 1.953157283182303559e+02
-7.897841599467074957e+03 -4.088546397429371950e+02 1.170036354257023845e+02
-7.961993997861260141e+03 -3.822938160214685013e+02 1.290878601921790732e+03
-8.041024602929345747e+03 -4.723040638665733582e+02 1.584987188025453179e+03
-8.045144395980747504e+03 -4.852478901322441516e+02 1.738808469352159364e+03
-8.147430903799155203e+03 -2.959032329262772123e+02 1.511733020022854816e+03
-8.152169968477173825e+03 -1.496953533870363344e+02 1.259723942595795279e+03
-8.284646231495124084e+03 -1.286787787282047475e+02 9.710812677937199169e+02
-7.848296462427734696e+03 -5.699827898789762912e+02 1.483013077088311547e+03
-7.725264578260139388e+03 -5.554705278209127073e+02 1.210134257404482241e+03
-7.627735516506844760e+03 -6.436584279431015148e+02 9.381122821100202600e+02
