-7.859633450141995127e+03 -1.455958752212900436e+02 1.003029575368352994e+03
-7.906083271773888555e+03 -6.815994779822139193e+00 9.961832838782316912e+02
-7.961678532633358373e+03 5.245197533060448336e+01 5.492322705850228886e+02
-7.893205823500162296e+03 1.518670435641381573e+02 2.055666003519910987e+02
-7.894151023792801425e+03 1.663107711740410934e+02 1.192943547363753112e+02
-7.823380700043857360e+03 -2.819530338244979930e+02 9.950779929332045413e+02
-7.896221106639208301e+03 -3.840484456878175479e+02 5.525359326895038521e+02
-7.821783914528258720e+03 -3.890147210270405367e+02 1.940407346453407911e+02
-7.833302014731526469e+03 -4.275426515459994334e+02 1.139699622675050108e+02
-7.877035573713851591e+03 -1.802137448586678374e+02 1.291457246100110524e+03
-7.951659158411813223e+03 -2.288962026316004881e+02 1.572431502691488959e+03
-7.950581445783651361e+03 -2.062453551527780462e+02 1.751934917478060470e+03
-8.004456655282710926e+03 -5.843585471893528904e+01 1.510115524514661956e+03
-8.182171257784670161e+03 6.236909182603948665e+01 1.260236899673215021e+03
-8.272884540213370201e+03 -1.224583132378244130e+02 1.354066295126710656e+03
-7.890830634652161280e+03 -3.743462870171202326e+02 1.512713039897877024e+03
-7.876888276736953230e+03 -6.002456425022071471e+02 1.307878314937966252e+03
-8.193665838432087185e+03 -5.705825443864946465e+02 1.351810281947258773e+03
