-7.897910728385954826e+03 -1.489241918243247937e+02 9.872018321014402318e+02
-7.927948554592019718e+03 -1.420395497774720006e+01 9.883639267851109480e+02
-7.931228221726742959e+03 4.513625084135158261e+01 5.440503682200680942e+02
-7.892765069488968038e+03 1.470729400975205579e+02 1.921352142762677317e+02
-7.906101743456408258e+03 1.705918737099280236e+02 1.208192482286048630e+02
-7.877539787511199393e+03 -2.836330768812611041e+02 9.908813835855274874e+02
-7.904409834557635804e+03 -3.715739502351593728e+02 5.637371183669274615e+02
-7.831096563216406139e+03 -3.930300815503022704e+02 1.924425516764408997e+02
-7.830027566996979658e+03 -4.214978953392180188e+02 1.236661167825977543e+02
-7.914814721481101515e+03 -1.711716556833440279e+02 1.280198459509841996e+03
-7.995964668099322807e+03 -2.282307341412913786e+02 1.565752171774443696e+03
-7.990910644635649987e+03 -2.012781293742637274e+02 1.748777472696736140e+03
-8.048991370671867116e+03 -4.596311820881556542e+01 1.513271454773562709e+03
-7.896896529327139433e+03 1.272167786960785918e+02 1.287072388413140288e+03
-7.890540636322533828e+03 2.719567905071731957e+02 1.019546771737083986e+03
-7.814883147836970238e+03 -3.622678866305296310e+02 1.504455707973178960e+03
-7.669933025327378346e+03 -3.532135871695139144e+02 1.255852072985227551e+03
-7.478665321963367205e+03 -3.903081834220550377e+02 1.036589233274917888e+03
