-7.858062128292621310e+03 -1.543117163307298938e+02 9.937461864790246864e+02
-7.901208879128702392e+03 -9.157432686805751842e+00 9.991777741405898041e+02
-7.946620541404607138e+03 5.885146663055655125e+01 5.564818216740237631e+02
-7.897593847885622381e+03 1.433650148890935441e+02 1.982249751852046415e+02
-7.895413804805779364e+03 1.718217139335822594e+02 1.172341850768677034e+02
-7.810505378858904805e+03 -2.905604988339522379e+02 9.970868296580132437e+02
-7.906515284563432942e+03 -3.858361106477776730e+02 5.774599089322573491e+02
-7.822287572926517896e+03 -3.871551835910554473e+02 1.873794074226286455e+02
-7.835652581837040998e+03 -4.214386502048135412e+02 1.092254817522017305e+02
-7.904865541399559334e+03 -1.941429812575904350e+02 1.289048112929292984e+03
-7.963056983890246556e+03 -2.266953166556553754e+02 1.569170412390620186e+03
-7.959311952238733284e+03 -2.038269073124386352e+02 1.745411805855596185e+03
-8.040702788414408133e+03 -7.527321539407283524e+01 1.493291858585083446e+03
-8.062466139733888667e+03 7.578435784092823724e+01 1.219125960259367275e+03
-8.242925461140413972e+03 -2.784097210237905351e+00 1.064917899626333565e+03
-7.890327694820651232e+03 -3.836267938381255931e+02 1.500029799906694961e+03
-7.817178876064021097e+03 -5.118572440299535060e+02 1.245362070013886978e+03
-7.954938328216638183e+03 -6.246097531014222568e+02 1.070307798764157724e+03
