-7.866145580705477187e+03 -1.048989939040881580e+02 8.254506547625276198e+02
-7.865950892722373283e+03 4.722650450463768124e+01 8.105242601340975170e+02
-8.162067523969435570e+03 1.339365495590180331e+02 5.334473367789762506e+02
-8.014519160445111993e+03 1.139896862718634907e+02 2.484502634340811653e+02
-8.014045645993195649e+03 1.321305506778465144e+02 1.761644826852996744e+02
-7.837938580912309590e+03 -2.571123442979483684e+02 8.258042010500616925e+02
-8.022727368832260254e+03 -4.555686815242322041e+02 5.344093625559715974e+02
-7.876166971268122325e+03 -4.248436326564805654e+02 1.752353243178239950e+02
-7.876167188337287371e+03 -4.395773833815553644e+02 1.149799376415762993e+02
-7.890516948623821008e+03 -1.101032735157251778e+02 1.070424165984672072e+03
-8.007230167363492001e+03 -1.531067494970693588e+02 1.371015697824873769e+03
-8.010667525459887656e+03 -1.391316241425291764e+02 1.535154804625656880e+03
-8.006113352804661190e+03 1.423989067544876441e+01 1.314635090729125523e+03
-8.221653690913912214e+03 9.729512887483660677e+01 1.036590434524099692e+03
-8.341433346678533781e+03 -1.089569024535648722e+01 1.202325136534990861e+03
-7.954928343669528658e+03 -3.228054975607899451e+02 1.302382956583879150e+03
-8.127413287839260192e+03 -4.265528827641684870e+02 1.125375821739540470e+03
-8.402645850548093222e+03 -2.955048012343133337e+02 1.239922618326911106e+03
