-7.861335129293614045e+03 -9.014860808892100863e+01 8.534381917656504584e+02
-7.864552944592634958e+03 5.283815090910611900e+01 8.467744604636880013e+02
-8.127088142447907558e+03 1.315476169884537967e+02 5.472977744325528420e+02
-8.026584331327289874e+03 1.012896512203831350e+02 2.370511549713611430e+02
-8.032226141282225399e+03 1.201590807317171254e+02 1.690297080135013346e+02
-7.840014860706497529e+03 -2.591894364773928601e+02 8.622887552623411693e+02
-8.013979240928520994e+03 -4.542350669131080281e+02 5.288943442524697502e+02
-7.871237351853097607e+03 -4.195591845729942406e+02 1.994453988431980633e+02
-7.874903575860718774e+03 -4.470903144628519499e+02 1.187325668706087782e+02
-7.894110598285247761e+03 -9.546936044725637771e+01 1.139755009508538478e+03
-8.007543749888441198e+03 -1.452610479422278900e+02 1.385793775024235856e+03
-8.094854117137492722e+03 -1.813483145960100558e+02 1.598128488374351491e+03
-8.013304023420257181e+03 2.280654968089965706e+01 1.346928512317009108e+03
-8.236857652824106481e+03 9.629335096361887736e+01 1.080796556046934029e+03
-8.393828725127343205e+03 -7.711869465569637327e+01 1.273739196679812267e+03
-7.966314194373947430e+03 -3.397896381669529546e+02 1.343687745618736699e+03
-8.123648455669468603e+03 -4.220041717369992398e+02 1.158022631737607298e+03
-8.423522779481647376e+03 -3.259149630427914985e+02 1.263022988598777374e+03
