-7.903437042430237852e+03 -8.897978791508315055e+01 9.578359900325751823e+02
-7.913534385292280604e+03 6.194153146718470282e+01 9.405742481928981533e+02
-8.025962699717749274e+03 1.157881726466422805e+02 5.880299410615757552e+02
-7.914796898862926355e+03 1.877248743522612813e+02 2.092984082649756203e+02
-7.909711006533252657e+03 1.867102828580407561e+02 1.192103017010383894e+02
-7.878343485342278655e+03 -2.672553065258731522e+02 9.595129671091433465e+02
-7.983239594529786700e+03 -3.570550125091977520e+02 5.473498644020389747e+02
-7.864461439035010699e+03 -3.892159374343820559e+02 2.016739860360007413e+02
-7.872228553494410335e+03 -4.095911879819386172e+02 1.156991690180594929e+02
-7.940727800420540007e+03 -8.819433251392078432e+01 1.217886311499940120e+03
-8.067114066491407357e+03 -1.079139792801482116e+02 1.500662770073098727e+03
-8.070747553878308281e+03 -9.813448953528124719e+01 1.667738560063627119e+03
-8.037735817330176360e+03 6.626800609467414915e+01 1.429894227627967666e+03
-8.049362600946179555e+03 1.345301064692810655e+02 1.124277253936731540e+03
-8.290075703072368924e+03 -3.917975736797932029e+01 1.003462114886403128e+03
-8.016474557178717987e+03 -3.122173909715941704e+02 1.435675080073958270e+03
-8.035561397227585076e+03 -2.612063510443419432e+02 1.211198396588919877e+03
-8.180668903601649617e+03 -3.107745229087416874e+02 1.069907025209049152e+03
