-7.886520091670706279e+03 -1.304315794833121629e+02 1.000860003630779715e+03
-7.934000608230797297e+03 8.322293697896833820e+00 9.948149284915003818e+02
-7.949364203219094634e+03 5.763715486258699627e+01 5.443877741339831573e+02
-7.890362430283091271e+03 1.503099530236590908e+02 1.912269211983503681e+02
-7.904184876935273678e+03 1.628133013763983570e+02 1.104740961803200321e+02
-7.852482968540396541e+03 -2.670104432591487580e+02 9.993610830483778500e+02
-7.910883402145221226e+03 -3.639754298304069380e+02 5.522337408254945785e+02
-7.817331227310737631e+03 -3.996330376232028243e+02 1.802883641202973592e+02
-7.823121119971385269e+03 -4.375925309740486568e+02 1.056750959164959340e+02
-7.912999757021426376e+03 -1.592866322735016524e+02 1.277482890142281803e+03
-8.005296804156868347e+03 -1.948104066213550993e+02 1.578067220778024421e+03
-8.025578618827378705e+03 -1.930871516050043226e+02 1.754229760068489668e+03
-8.076639533528801621e+03 -5.792454993003248376e+01 1.520077529559243203e+03
-8.087081405608229943e+03 1.056032436706368145e+02 1.261221181653603708e+03
-8.311719429313938235e+03 -3.341025093935365931e+01 1.119166914363797105e+03
-7.860212050972520046e+03 -3.589396525032209979e+02 1.503493307677279290e+03
-7.728088371719200040e+03 -3.931703097752533722e+02 1.240602079702882975e+03
-7.933871955804781464e+03 -5.682671814418788472e+02 1.122207491325835463e+03
