-7.853718709735210723e+03 -1.123323584237956538e+02 8.249500805673980040e+02
-7.862980395085429336e+03 2.784522812137949899e+01 8.238609832149728618e+02
-8.159626857089138866e+03 1.316841009490123326e+02 5.338105889030218805e+02
-8.003620740507837581e+03 1.147287133447318155e+02 2.349301836555662817e+02
-8.001067561496840426e+03 1.270749922757086523e+02 1.594411579713677725e+02
-7.834116111627673490e+03 -2.627004655367268242e+02 8.439775474739524270e+02
-8.045686528005306172e+03 -4.863444319132806868e+02 5.108915958423866073e+02
-7.857257488309801374e+03 -4.128138836865925896e+02 1.917860837461605286e+02
-7.858709497874341650e+03 -4.312512805469879140e+02 1.242773819282672036e+02
-7.885851846390961327e+03 -1.384071566302799852e+02 1.108459681211286352e+03
-7.982050870943290647e+03 -1.803036200053199707e+02 1.373220798283778322e+03
-7.973118708474751656e+03 -1.490534661670393177e+02 1.539712016283095181e+03
-8.062196067464502448e+03 -7.686625382932017914e+00 1.318123794274109741e+03
-8.310747904627012758e+03 5.200738877459625797e+01 1.129327630289208400e+03
-8.367000698665409800e+03 -1.041579407029793174e+02 1.383060712691501294e+03
-7.967807904174103896e+03 -3.611968630746766848e+02 1.326554992745937170e+03
-8.198361280399625684e+03 -4.832961247536213136e+02 1.201538167543598775e+03
-8.378729058111161066e+03 -3.115441678513133752e+02 1.420612506787882467e+03
