-7.888000832973542856e+03 -1.421301573356732604e+02 1.025469638796411118e+03
-7.949796944438760875e+03 -6.516342758645764732e+00 1.024667289031241808e+03
-7.993503516089297591e+03 2.848400832750674638e+01 5.629071397380200779e+02
-7.951317412717786283e+03 1.142959202225876538e+02 2.758878161218664786e+02
-7.951859366772388967e+03 1.288446508164277873e+02 1.872889113728090535e+02
-7.864364664641344461e+03 -2.796432379387458695e+02 1.030518589738669107e+03
-7.883899589827423370e+03 -3.476190859392938819e+02 5.601425536239647727e+02
-7.820431358447959610e+03 -3.923345178697105098e+02 2.127835036331987055e+02
-7.826188531626014992e+03 -4.279346703830538559e+02 1.283645566590233500e+02
-7.919331832425206812e+03 -1.748671158809606538e+02 1.358528102397586281e+03
-7.956633280069796456e+03 -2.085631851983768570e+02 1.607929603541314464e+03
-7.936984154170741931e+03 -1.881967006527623312e+02 1.800621877497812193e+03
-8.045182711016826943e+03 -5.548501204384423602e+01 1.592753294844459560e+03
-8.248150802651211052e+03 -1.516346822879451963e+02 1.857695598730146003e+03
-8.311446344989262798e+03 -1.775136550698802296e+02 2.102639048305604774e+03
-7.933865004800714814e+03 -4.019777819730082911e+02 1.632156101002882906e+03
-8.080387057251646183e+03 -3.825055894024312124e+02 1.864089731206718398e+03
-8.204801959335725769e+03 -3.789698325422918970e+02 2.093316525345549053e+03
