-7.894741677071764570e+03 -1.337451145664726937e+02 9.986985918490829590e+02
-7.922990520667471174e+03 -2.676253461538435374e+01 9.948695295306420121e+02
-7.935456846415423570e+03 5.392818801540957452e+01 5.467020398819839784e+02
-7.897584378689993173e+03 1.384658089512185200e+02 1.967431088306990148e+02
-7.903717065909265330e+03 1.507235030525260413e+02 1.171480454307239825e+02
-7.855819940977664373e+03 -2.859728191769746672e+02 9.941167051138348825e+02
-7.912275846727171484e+03 -3.795589084948053937e+02 5.431378975047640552e+02
-7.823881523479654788e+03 -3.880290152780165727e+02 1.807043508093420314e+02
-7.832307544403540305e+03 -4.145278354734334698e+02 1.151072228773653023e+02
-7.869000025915545848e+03 -1.426532979644367458e+02 1.264685604898023257e+03
-8.006572255766123817e+03 -2.296870144370979006e+02 1.567254800478164043e+03
-8.007961232966764328e+03 -2.193943196967068161e+02 1.744500545489567685e+03
-8.041937874322486095e+03 -4.764682541396919646e+01 1.520867002401040736e+03
-7.873606609516789831e+03 1.239643839384733752e+02 1.295286648558381557e+03
-7.837127127483742697e+03 2.674339953956201157e+02 1.016141212724270190e+03
-7.814338632772184610e+03 -3.644285193323341900e+02 1.496841439725873670e+03
-7.674407783442879008e+03 -3.496222615148233217e+02 1.277594330240822728e+03
-7.466505163178175280e+03 -3.963835756222031819e+02 1.034655837600402265e+03
